# Created by Octave 3.8.1, Sat May 07 18:44:50 2016 EDT <chieh@julia>
# name: X
# type: matrix
# rows: 12
# columns: 2
 0.04127012277316417 0.04791809175992724
 -0.0390384614364921 -0.2135032447594718
 0.02572081883107702 -0.07361319015745056
 0.2651666071341103 2.101393882319341
 -0.03741915733037889 1.959215215348113
 0.01046942147044021 2.043446746810174
 1.937266839672624 -0.02651006557132694
 1.921955862935462 -0.02278519016796001
 2.025489625681991 0.1004841333861088
 2.039166789123182 1.903087824392359
 1.91781962192256 1.882255251240632
 2.10821972519103 1.983092296727548


