# Created by Octave 3.8.1, Sat Nov 28 18:44:38 2015 EST <chieh@julia>
# name: output
# type: matrix
# rows: 268
# columns: 1
 0.8303900179453483
 0.7120535659704489
 0.8332033179907317
 0.7938924427203122
 0.6368800708524218
 0.5977075289567689
 0.5585807734779455
 0.798790036630969
 0.5195101496908652
 0.7597519917206911
 0.7207640252060317
 0.2402546750686772
 0.6818347277338092
 0.488558642930307
 0.325705761953538
 0.4503422169023164
 0.2498049160842196
 0.4623078510494557
 0.3374678582950016
 0.477251622065793
 0.3532775002737762
 0.2649581252053322
 0.494903826204534
 0.4066529412958753
 0.2848214263881796
 0.4821299596290598
 0.3397714199056645
 0.5058164034601491
 0.3084863150161805
 0.4198655159477369
 0.4756143904066975
 0.5313862012244899
 0.5585807734779455
 0.4468646187823565
 0.4756143904066975
 0.5613667297802856
 0.5058164034601491
 0.5924643791500231
 0.6245122902105489
 0.5149860274068967
 0.6029050835592542
 0.5487185468723901
 0.6182356254791085
 0.5299162504106644
 0.6016099046550806
 0.5134691285966868
 0.624512290210549
 0.5372257853656863
 0.613168034882413
 0.651411523907076
 0.6897963705045934
 0.5269640477720522
 0.7283002243914758
 0.5655199311356766
 0.7669051608517377
 0.8055966481052275
 0.798790036630969
 0.8378711602169183
 0.8769896033765606
 0.6368800708524218
 0.6760904406448572
 0.7153324178441243
 0.9118734893231744
 0.7909393297851208
 0.8303900179453483
 0.9093036199878084
 0.9487655169957693
 0.8303900179453483
 0.9905954023566064
 0.9512287808133949
 0.8725310610047625
 0.994524792643465
 0.8769896033765606
 1
 0.9682961860402817
 0.8911070434411987
 0.977117285860614
 0.8626411571393052
 0.824734628525018
 0.9495873149125074
 0.9246157020989113
 0.7997659564043726
 0.6749357165900032
 0.887598734372988
 0.7628258491497553
 0.8508048864211997
 0.6381036648158998
 0.7261550055213294
 0.6016099046550806
 0.5655199311356766
 0.8303900179453484
 0.7948743756159966
 0.5299162504106644
 0.759751991720691
 0.6714596297033596
 0.7250800160266352
 0.6368800708524218
 0.6029050835592542
 0.5149860274068967
 0.5924643791500231
 0.5058164034601491
 0.6169726300323609
 0.5313862012244899
 0.5871744127187747
 0.6144388508257401
 0.5871744127187747
 0.5313862012244899
 0.6169726300323609
 0.5058164034601491
 0.5924643791500231
 0.4821299596290598
 0.5696428527763592
 0.4606175058977562
 0.2303087529488781
 0.5487185468723901
 0.4066529412958753
 0.5299162504106644
 0.2649581252053322
 0.3890064948585327
 0.3008049523275403
 0.5134691285966868
 0.2127012216052999
 0.4623078510494557
 0.3747073741263294
 0.2875470523797685
 0.4503422169023164
 0.3641501121957379
 0.2013991620263069
 0.4415968753422203
 0.2792903867389728
 0.3576662089220621
 0.4362655305023813
 0.4344738780433504
 0.2764833769366775
 0.1974881263833411
 0.4362655305023813
 0.3576662089220621
 0.2792903867389728
 0.4415968753422203
 0.2013991620263069
 0.3641501121957379
 0.488558642930307
 0.651411523907076
 0.613168034882413
 0.4503422169023164
 0.2875470523797685
 0.5750941047595369
 0.5372257853656863
 0.6621008496455839
 0.3747073741263294
 0.4996098321684392
 0.3374678582950016
 0.6749357165900032
 0.2127012216052999
 0.4254024432105998
 0.3008049523275403
 0.6897963705045934
 0.5655199311356766
 0.5299162504106644
 0.7065550005475525
 0.6714596297033596
 0.3184400354262109
 0.2303087529488781
 0.657371497322039
 0.6245122902105489
 0.5372257853656863
 0.6478092205823028
 0.4503422169023164
 0.5613667297802856
 0.6726203213729637
 0.4198655159477369
 0.6429747558508548
 0.2234323093911783
 0.2792903867389728
 0.3351484640867674
 0.3910065414345619
 0.5585807734779455
 0.6702969281735347
 0.6429747558508548
 0.3641501121957378
 0.3084863150161805
 0.5613667297802856
 0.6478092205823028
 0.6245122902105489
 0.5696428527763592
 0.5487185468723901
 0.6368800708524218
 0.5299162504106644
 0.6182356254791085
 0.6538020329457008
 0.6381036648158998
 0.4996098321684392
 0.624512290210549
 0.5750941047595369
 0.488558642930307
 0.5655199311356766
 0.4805093501373544
 0.5585807734779455
 0.4362655305023813
 0.5543755886506292
 0.5149860274068967
 0.4362655305023813
 0.5195101496908652
 0.4415968753422203
 0.5269640477720522
 0.4503422169023164
 0.5372257853656863
 0.4623078510494557
 0.5501382608801567
 0.477251622065793
 0.5655199311356766
 0.494903826204534
 0.5487185468723901
 0.5696428527763592
 0.4821299596290598
 0.5924643791500231
 0.5058164034601491
 0.6169726300323609
 0.5313862012244899
 0.5585807734779455
 0.6144388508257401
 0.6429747558508548
 0.6726203213729637
 0.5613667297802856
 0.7032352249363392
 0.5924643791500231
 0.7346982994832983
 0.6245122902105489
 0.657371497322039
 0.7452397032422597
 0.6368800708524218
 0.7250800160266352
 0.759751991720691
 0.6182356254791085
 0.7420930050075416
 0.6897963705045934
 0.6016099046550806
 0.7261550055213294
 0.6749357165900032
 0.624512290210549
 0.6998997030887893
 0.2875470523797685
 0.613168034882413
 0.325705761953538
 0.6897963705045934
 0.3641501121957379
 0.4027983240526137
 0.6041974860789205
 0.6818347277338092
 0.2402546750686772
 0.5977075289567689
 0.3184400354262109
 0.6368800708524218
 0.6760904406448572
 0.7153324178441243
 0.3969462213601561
 0.5937795070260665
 0.751493572629592
 0.7909393297851208
 0.2369857516600093
 0.3554786274900139
 0.3949762527666821
 0.5134691285966868
 0.5529667538733549
 0.5924643791500231
 0.6319620044266914
 0.7899525055333643
 0.8294501308100325


