# Created by Octave 3.8.1, Sat Nov 28 16:23:12 2015 EST <chieh@julia>
# name: output
# type: matrix
# rows: 378
# columns: 1
 0.4723101979387309
 0.416948622549774
 0.4747468961295223
 0.4197068574062689
 0.478780502141398
 0.4242640687119286
 0.4843711228132666
 0.4305631375125086
 0.4914656259988704
 0.4385290096535147
 0.5000000000000001
 0.4480727962834062
 0.5099019513592786
 0.4590961018885161
 0.5210935247519983
 0.533493565673837
 0.4714951667914448
 0.547019898386493
 0.4851645240375839
 0.5615911461059686
 0.5
 0.577128168673929
 0.5159010042186835
 0.5935551299649362
 0.5327721406437783
 0.6108002317263175
 0.5505242256948581
 0.6287961636211017
 0.5690748227132825
 0.6275716324421889
 0.5690748227132825
 0.5298766184398315
 0.6287961636211017
 0.5114083119567588
 0.6108002317263175
 0.4938078106370472
 0.5935551299649362
 0.5159010042186835
 0.577128168673929
 0.5
 0.5233031185136907
 0.5850706729171207
 0.223606797749979
 0.5091470997960896
 0.5710988059467873
 0.2480694691784169
 0.5210935247519983
 0.2731581677625339
 0.2112235418114767
 0.5717718748968655
 0.5099019513592786
 0.2987151975222708
 0.5615911461059686
 0.3246299668616799
 0.5000000000000001
 0.5262348115842176
 0.1754116038614059
 0.5526161555588249
 0.5791240069144219
 0.4914656259988704
 0.6057417576187702
 0.6324555320336759
 0.3162277660168379
 0.6592536572635639
 0.2287087499587462
 0.2557041559783795
 0.6528046002854501
 0.6799321233091523
 0.5656854249492381
 0.2828427124746191
 0.5929067899244043
 0.4514932489485904
 0.3100868364730211
 0.478780502141398
 0.6748219138295786
 0.506116435372184
 0.1687054784573946
 0.7021943627493197
 0.5334935656738371
 0.5883484054145521
 0.3922322702763681
 0.4197068574062689
 0.6983497030086773
 0.5574667979074904
 0.2787333989537452
 0.5850706729171206
 0.6679474875720741
 0.6955905073002031
 0.3616202853397895
 0.4723101979387309
 0.5
 0.527694550342846
 0.666217797605373
 0.6379052256590135
 0.610170215847752
 0.5824352060364906
 0.5547001962252291
 0.5269651864139677
 0.4437601569801833
 0.4160251471689219
 0.3328201177351375
 0.2773500981126146
 0.1664100588675687
 0.6108002317263174
 0.3892794131963076
 0.3339737437860371
 0.2511511956509925
 0.196116135138184
 0.3647970985039808
 0.3100868364730211
 0.2557041559783795
 0.3700311837170983
 0.3162277660168379
 0.2019139192062568
 0.3772369180073609
 0.2631174057921088
 0.3246299668616799
 0.3863039855227606
 0.2112235418114767
 0.2731581677625339
 0.3351233986275687
 0.3971049076658555
 0.4095025124371128
 0.3475186768638929
 0.2855494029733937
 0.223606797749979
 0.4
 0.4385290096535146
 0.2385855756810896
 0.4548879828299236
 0.3551814270958522
 0.4723101979387309
 0.2557041559783794
 0.3731363949426125
 0.412310562561766
 0.4906824133482173
 0.5099019513592786
 0.4314554973040049
 0.5298766184398315
 0.4514932489485904
 0.4723101979387309
 0.5327721406437783
 0.5547001962252291
 0.577128168673929
 0.5
 0.5233031185136907
 0.5850706729171207
 0.5091470997960896
 0.5710988059467873
 0.5954959148603662
 0.5210935247519983
 0.608276253029822
 0.5974303950445415
 0.5356520110324211
 0.623266827660143
 0.6492599337233599
 0.587694321381971
 0.6753916242846414
 0.7016464154456235
 0.7280109889280518
 0.7544738360147218
 0.5791240069144219
 0.7810249675906654
 0.807655676825027
 0.6057417576187702
 0.8343583439708901
 0.6324555320336759
 0.6592536572635639
 0.6861262498762387
 0.827414880586145
 0.7130648907789098
 0.8544003745317532
 0.7400623674341965
 0.8814324006542288
 0.7671124679351383
 0.9029864978971809
 0.8161824833662178
 0.9257013972783432
 0.9531324873602508
 0.8394137148125378
 0.866913179931221
 0.9494937922590445
 0.9770442081172093
 0.8914120173160022
 0.9742847475100743
 0.9169346927503783
 1
 0.9433981132056605
 0.998845487396478
 0.998845487396478
 0.9711214769929266
 0.9156754547663372
 0.9723089094442237
 0.9169346927503783
 0.9742847475100743
 0.8914120173160022
 0.9494937922590445
 0.8944271909999159
 0.866913179931221
 0.8394137148125378
 0.9531324873602508
 0.8435273922869734
 0.8161824833662178
 0.7888648124410751
 0.9302605094190634
 0.7615773105863909
 0.9029864978971809
 0.8757414441049808
 0.7071067811865476
 0.6799321233091523
 0.6528046002854501
 0.6257303425106229
 0.7400623674341965
 0.8544003745317532
 0.5987165760704629
 0.827414880586145
 0.8004806248556119
 0.6933752452815364
 0.7810249675906654
 0.5791240069144219
 0.6667948594698256
 0.7544738360147218
 0.6403124237432849
 0.7280109889280518
 0.5615911461059686
 0.623266827660143
 0.5463163355250678
 0.608276253029822
 0.5581563056514381
 0.6201736729460423
 0.5710988059467873
 0.6089082285281016
 0.6232668276601431
 0.5615911461059686
 0.6000000000000001
 0.6158171556807825
 0.5547001962252291
 0.5327721406437783
 0.6108002317263175
 0.5114083119567588
 0.5896543968226708
 0.5690748227132825
 0.5099019513592786
 0.4906824133482173
 0.4514932489485904
 0.2948271984113354
 0.5505242256948581
 0.4332347027793454
 0.5327721406437783
 0.3162277660168379
 0.2773500981126146
 0.4160251471689219
 0.5159010042186835
 0.4771711513621791
 0.3385489397640828
 0.4616025596516153
 0.2616515592568454
 0.3234430160250559
 0.4851645240375839
 0.4095025124371128
 0.4714951667914448
 0.2480694691784169
 0.3100868364730212
 0.4590961018885161
 0.3971049076658555
 0.2987151975222708
 0.4480727962834062
 0.3863039855227606
 0.2369680277038363
 0.4385290096535147
 0.3772369180073609
 0.2895620034572109
 0.4305631375125086
 0.2287087499587462
 0.3700311837170983
 0.2828427124746191
 0.4242640687119286
 0.3647970985039808
 0.4197068574062689
 0.223606797749979
 0.4472135954999579
 0.2787333989537452
 0.3616202853397895
 0.444626031280567
 0.6108002317263174
 0.2218800784900916
 0.2773500981126146
 0.305085107923876
 0.3882901373576604
 0.4714951667914448
 0.5547001962252291
 0.5824352060364906
 0.610170215847752
 0.5553931386518369
 0.527694550342846
 0.5
 0.416948622549774
 0.3339737437860371
 0.640312423743285
 0.3063431961806135
 0.612686392361227
 0.223606797749979
 0.4472135954999579
 0.6433087546786176
 0.560905860742589
 0.3647970985039808
 0.5334935656738371
 0.3374109569147893
 0.506116435372184
 0.6474803234313529
 0.478780502141398
 0.5929067899244043
 0.4242640687119286
 0.3971049076658555
 0.6528046002854501
 0.2287087499587462
 0.4574174999174925
 0.5717718748968657
 0.6592536572635639
 0.544906484566918
 0.6324555320336759
 0.4649234841926639
 0.4385290096535147
 0.5262348115842176
 0.587694321381971
 0.4123105625617661
 0.3246299668616799
 0.5615911461059686
 0.2369680277038363
 0.5974303950445415
 0.2731581677625339
 0.5463163355250678
 0.608276253029822
 0.3971049076658555
 0.3100868364730212
 0.3721042037676254
 0.5581563056514381
 0.6201736729460423
 0.2855494029733937
 0.5710988059467873
 0.6089082285281016
 0.547019898386493
 0.6232668276601431
 0.5615911461059686
 0.5385164807134505
 0.6158171556807825
 0.5935551299649362
 0.5327721406437783
 0.6108002317263175
 0.5896543968226708
 0.5298766184398315
 0.5883484054145521
 0.608276253029822
 0.5298766184398315
 0.5505242256948581
 0.6108002317263175
 0.5327721406437783
 0.5935551299649362
 0.577128168673929
 0.5615911461059686
 0.4851645240375839
 0.547019898386493
 0.4714951667914448
 0.533493565673837
 0.5210935247519983
 0.4224470836229533
 0.5099019513592786
 0.4739360554076727
 0.4123105625617661
 0.4649234841926639
 0.4038278384125135
 0.4574174999174925
 0.3971049076658555
 0.4514932489485904
 0.3922322702763681
 0.4472135954999579
 0.416948622549774
 0.4723101979387309


