# Created by Octave 3.8.1, Sat Nov 28 18:45:56 2015 EST <chieh@julia>
# name: output
# type: matrix
# rows: 479
# columns: 1
 0.6109916618177459
 0.55294054223148
 0.3789209430489177
 0.3499517341237448
 0.6130616564380735
 0.5841371553121888
 0.2920685776560944
 0.5263335701121743
 0.2343046065459419
 0.2054987341316966
 0.5877407499818175
 0.3822497414843662
 0.5016863454282857
 0.5927489783638192
 0.2963744891819096
 0.5642802159939352
 0.416103222640599
 0.4793012932694108
 0.1198253233173527
 0.5709759307654864
 0.4511621629716939
 0.3313567523037629
 0.5429212774551331
 0.423147792212194
 0.211573896106097
 0.5514109665703558
 0.3676073110469039
 0.183803655523452
 0.5239210276780685
 0.3401609317065372
 0.4966101304057556
 0.4695095198067759
 0.3778048259174127
 0.4426578203826811
 0.416103222640599
 0.1694585973511412
 0.3789209430489177
 0.4191368221424547
 0.1047842055356137
 0.3547458168810375
 0.3952847075210474
 0.4359286452893223
 0.3313567523037629
 0.1860870182962218
 0.4539615414119142
 0.2679375683634913
 0.3089323375582252
 0.4730936139577109
 0.4931969619160719
 0.4109974682633932
 0.369897721437054
 0.246598480958036
 0.1643989873053573
 0.08219949365267865
 0.5141576685299054
 0.4320363473197659
 0.3499517341237449
 0.3089323375582252
 0.5358751367269825
 0.4539615414119142
 0.2269807707059571
 0.5582610548886653
 0.4766507588853142
 0.5812381937190965
 0.2906190968595482
 0.3952847075210474
 0.5
 0.5239210276780684
 0.4191368221424547
 0.2095684110712273
 0.1047842055356137
 0.5884588208054866
 0.3789209430489177
 0.5483390152776616
 0.2741695076388308
 0.4436107984940634
 0.6130616564380736
 0.1694585973511412
 0.6380396497041502
 0.6633504230674642
 0.3641446846397066
 0.4548908392962818
 0.2599376224550182
 0.7409362229547739
 0.6759627768417988
 0.481060203008853
 0.416103222640599
 0.7672564319915687
 0.7023127816316909
 0.3511563908158454
 0.6373774391990981
 0.7937679557449819
 0.5075444328838129
 0.8204522483922462
 0.5342967087424113
 0.8472929867557063
 0.5612787041958601
 0.4047855621824367
 0.7449151956086334
 0.2483050652028778
 0.8367609688070535
 0.5884588208054866
 0.3401609317065372
 0.7721941360718713
 0.09190182776172598
 0.8547364063407645
 0.3952847075210474
 0.6068304897112894
 0.8462955844243879
 0.6347216883182909
 0.6627135046075259
 0.3313567523037629
 0.7825158663446263
 0.6907937072281028
 0.8387772632214688
 0.7189519399041161
 0.2396506466347054
 0.1198253233173527
 0.8670001091056385
 0.7471793807560719
 0.3877342360919885
 0.8322064452811979
 0.8606447928497908
 0.7694548789960401
 0.7980127344374427
 0.3249220280687727
 0.8266057264663893
 0.3822497414843662
 0.2343046065459419
 0.3209992843302623
 0.3789209430489177
 0.3778048259174127
 0.319681006545503
 0.2324952774876386
 0.1743714581157289
 0.1453095484297741
 0.1162476387438193
 0.3789209430489177
 0.3209992843302623
 0.2343046065459419
 0.4109974682633932
 0.2054987341316966
 0.3535533905932737
 0.1767766952966368
 0.3249220280687727
 0.416103222640599
 0.359475969952058
 0.423147792212194
 0.211573896106097
 0.3676073110469039
 0.4320363473197659
 0.3778048259174127
 0.4426578203826811
 0.4548908392962818
 0.3899064336825273
 0.4436107984940634
 0.3789209430489177
 0.4595091388086298
 0.3952847075210474
 0.4766507588853142
 0.5174325912488374
 0.4130473436642683
 0.4949064885737835
 0.5358751367269825
 0.5768624361754457
 0.6178646751164504
 0.4320363473197659
 0.5552270049511524
 0.596300531883315
 0.6373774391990981
 0.6784571129069648
 0.6986956960477686
 0.4520972150897326
 0.7195390791934004
 0.5141576685299054
 0.4730936139577109
 0.7819760140096924
 0.6588790644887889
 0.6178646751164504
 0.5768624361754457
 0.8038127050904738
 0.6809423121178714
 0.6400221702241091
 0.8260946873285365
 0.744348073184887
 0.84878689268225
 0.7672564319915687
 0.8718572905786446
 0.7905694150420949
 0.8142522684996074
 0.8786122349816553
 0.9027922151767724
 0.8225085229164925
 0.8872215969881269
 0.8074819050771522
 0.8723415212688947
 0.7932357612796922
 0.8581879086112123
 0.8447972729788091
 0.7798128673650546
 0.8322064452811979
 0.7672564319915687
 0.7288689868556625
 0.8204522483922462
 0.690793707228103
 0.7825158663446264
 0.6530851937307032
 0.5884588208054866
 0.7721941360718713
 0.6158108256380144
 0.7352146220938078
 0.5514109665703558
 0.6986956960477685
 0.5149783516835468
 0.6627135046075259
 0.6907937072281028
 0.5991266165867635
 0.4793012932694108
 0.6273604076454626
 0.6556665681950304
 0.5642802159939352
 0.5927489783638192
 0.4445617337728644
 0.5303300858899106
 0.5590169943749475
 0.4397864961116498
 0.4974597634143049
 0.4368963016304652
 0.4949064885737835
 0.5239210276780684
 0.5231143743471868
 0.4649905549752771
 0.5239210276780684
 0.4658978544818712
 0.5263335701121743
 0.4686092130918838
 0.5303300858899106
 0.4445617337728644
 0.5075444328838129
 0.4511621629716939
 0.5149783516835468
 0.4966101304057556
 0.3130063465378506
 0.4426578203826811
 0.5075444328838129
 0.2862266159456099
 0.3511563908158454
 0.2599376224550182
 0.3249220280687727
 0.4940524646612319
 0.4290939543056062
 0.3641446846397066
 0.3389171947022825
 0.5083757920534238
 0.4436107984940634
 0.2741695076388308
 0.9272525531360361
 0.9673731497260046
 0.9027922151767724
 0.943057849820523
 0.983392500892096
 0.8786122349816553
 0.3547458168810375
 0.8547364063407644
 0.25
 0.5
 1
 0.8311909397836206
 0.9764974640506227
 0.4359286452893223
 0.7672564319915687
 0.8080047163362487
 0.3313567523037629
 0.9940702569112889
 0.5174325912488374
 0.3721740365924435
 0.744348073184887
 0.9712940657505131
 0.7852095605977134
 0.4539615414119142
 0.6809423121178714
 0.9079230828238285
 0.7218828609025602
 0.989812977147567
 0.2679375683634913
 0.3089323375582252
 0.6178646751164504
 0.967809591503104
 0.6588790644887889
 0.6999034682474897
 0.3909880070048462
 0.9461872279154218
 0.5141576685299054
 0.5552270049511524
 0.596300531883315
 0.801708479739666
 0.8838834764831844
 0.9249726073372792
 0.246598480958036
 0.3287979746107146
 0.4520972150897326
 0.5342967087424113
 0.7397954428741079
 0.8630946833531258
 0.9041944301794652
 0.8427953808926898
 0.7195390791934004
 0.6373774391990981
 0.4730936139577109
 0.823021788815378
 0.3909880070048462
 0.7819760140096924
 0.3499517341237449
 0.6999034682474897
 0.5768624361754457
 0.7628405309602234
 0.4949064885737835
 0.2269807707059571
 0.6400221702241091
 0.4130473436642683
 0.5582610548886653
 0.744348073184887
 0.7035143441554214
 0.5174325912488374
 0.3313567523037629
 0.6219520273496375
 0.2906190968595482
 0.4359286452893223
 0.6858856968833722
 0.6047391664672129
 0.3547458168810375
 0.4595091388086298
 0.5642802159939352
 0.6690554051310961
 0.4836865748630023
 0.3789209430489177
 0.6530851937307033
 0.5483390152776616
 0.6130616564380736
 0.5083757920534238
 0.4037409525385761
 0.2343046065459419
 0.5335057435289505
 0.2992106733173585
 0.598421346634717
 0.4290939543056062
 0.584859650523791
 0.481060203008853
 0.2862266159456099
 0.5075444328838129
 0.2213289101913405
 0.4426578203826811
 0.5342967087424113
 0.3130063465378506
 0.3034152448556447
 0.2396506466347054
 0.2963744891819096
 0.3249220280687727
 0.4974597634143049
 0.2631667850560871
 0.5263335701121743
 0.5552270049511524
 0.5841371553121888
 0.6130616564380735
 0.3209992843302623
 0.4658978544818712
 0.640022170224109
 0.2615571871735934
 0.3487429162314579
 0.4359286452893223
 0.5231143743471868
 0.5521762840331416
 0.5812381937190965
 0.6684239227769608
 0.6690554051310961
 0.6109916618177459
 0.5819642879356366
 0.5239210276780684
 0.4949064885737835
 0.4079033404314497
 0.3789209430489177
 0.3499517341237448
 0.6709462861652332
 0.6130616564380735
 0.2920685776560944
 0.2631667850560871
 0.4974597634143049
 0.4686092130918838
 0.6740859677310393
 0.6164962023950898
 0.7071067811865474
 0.6498440561375454
 0.2963744891819096
 0.4445617337728644
 0.416103222640599
 0.6840361141090472
 0.3877342360919885
 0.6273604076454626
