# Created by Octave 3.8.1, Sat Nov 28 18:45:29 2015 EST <chieh@julia>
# name: output
# type: matrix
# rows: 388
# columns: 1
 0.8127040081592121
 0.7814932548122686
 0.6878740667500971
 0.6254754289299637
 0.5942816939022412
 0.5319086662842529
 0.4384006409110502
 0.8456488344576089
 0.8145026913069973
 0.344999116294379
 0.6588978232346914
 0.9417161293578246
 0.6278107529052164
 0.9106416928094863
 0.5036452487469387
 0.7244846780853876
 0.9453351451127614
 0.6935240513176869
 0.8834522085987724
 0.2208630521496931
 0.8525428249024697
 0.4108290250272953
 0.9807911192054071
 0.7599743256253831
 0.9191724804303532
 0.7291826362943449
 0.9862468893888936
 0.7963330593811955
 0.4777998356287173
 0.3185332237524782
 0.765729366953256
 0.992655959362828
 0.8334471466994554
 0.4167235733497277
 0.8030429931083938
 0.9318222378366108
 0.9697875050123346
 0.8410214463203253
 0.2273924296742764
 0.8795786130786525
 0.9783011656599963
 0.3261003885533321
 0.9186416270909948
 0.3950918386598359
 0.9581486212941106
 0.4643379761526737
 0.2668698412993157
 0.307626634642489
 0.2793721183078313
 0.4611755921872582
 0.3913703255323749
 0.4072513456534986
 0.4504740050971784
 0.4685212856658182
 0.4
 0.4858987147293248
 0.3975534938694476
 0.4879024292702435
 0.4
 0.4685212856658182
 0.4072513456534986
 0.476777802724426
 0.419058177461747
 0.4472135954999579
 0.5742439355892022
 0.6032432668703317
 0.4643379761526737
 0.6914107176547128
 0.4938647983247949
 0.7211102550927979
 0.52358985997001
 0.7509343773089565
 0.5534812222782578
 0.5835133287921098
 0.6136655162657084
 0.7727050994601415
 0.6439209162167847
 0.8030429931083938
 0.6742656348513273
 0.7046881337539738
 0.8576769532274731
 0.7599743256253831
 0.8525428249024697
 0.8174917020538064
 0.8795786130786525
 0.8145026913069973
 0.8768012818221004
 0.8127040081592121
 0.8751306522666117
 0.8751306522666117
 0.7814932548122686
 0.8456488344576089
 0.752232449802975
 0.848528137423857
 0.7244846780853876
 0.6935240513176869
 0.7908007673608674
 0.7599743256253831
 0.6370664475049564
 0.6064691896945635
 0.7351787570911232
 0.575940376317871
 0.7046881337539738
 0.5454914991177736
 0.5151367329734278
 0.4848937525061673
 0.4547848593485528
 0.6522007771066641
 0.4248385633132294
 0.622348032189973
 0.5926377579897538
 0.5630925063714731
 0.5337396825986314
 0.5046128677921952
 0.475753574253136
 0.4472135954999579
 0.4611755921872582
 0.3913703255323749
 0.476777802724426
 0.4072513456534986
 0.4
 0.4879024292702435
 0.3975534938694476
 0.4643379761526737
 0.4
 0.4685212856658182
 0.3812687420423245
 0.4504740050971784
 0.4339270479318261
 0.2518226243734694
 0.3913703255323749
 0.2793721183078313
 0.4472135954999579
 0.3774109489538477
 0.307626634642489
 0.237876787126568
 0.8993222380242123
 0.9286759523053475
 0.4643379761526737
 0.9581486212941106
 0.9877295966495897
 0.8889566369846307
 0.3950918386598359
 0.2963188789948769
 0.8198750648429428
 0.8496771266264588
 0.9783011656599963
 0.7808688094430304
 0.9095697186971057
 0.4547848593485528
 0.2273924296742764
 0.8109013353113659
 0.4848937525061673
 1
 0.7727050994601415
 0.7046881337539738
 0.992655959362828
 0.7351787570911232
 0.9555996712574346
 0.4777998356287173
 0.3185332237524782
 0.6677227407663944
 0.8576769532274731
 0.6984302957695782
 0.9499679070317291
 0.6008124580566698
 0.4108290250272953
 0.6316837739279857
 0.8834522085987724
 0.2208630521496931
 0.9143837055501425
 0.5036452487469387
 0.5346528392673
 0.8174917020538064
 0.848528137423857
 0.5656854249492381
 0.3139053764526082
 0.6588978232346914
 0.344999116294379
 0.7833636043277514
 0.8145026913069973
 0.4384006409110502
 0.5942816939022412
 0.6254754289299637
 0.7502844988857844
 0.7814932548122686
 0.7496340570653092
 0.7183993046875879
 0.5622255427989818
 0.5309907904212606
 0.4685212856658182
 0.437286533288097
 0.3748170285326546
 0.2811127713994909
 0.2498780190217697
 0.7190780004503735
 0.6878740667500971
 0.5007311727035508
 0.689998232588758
 0.5656854249492381
 0.2518226243734694
 0.4417261042993862
 0.6316837739279857
 0.4108290250272953
 0.1899935814063458
 0.5391954259051843
 0.5084649303205223
 0.3185332237524782
 0.4777998356287173
 0.6064691896945635
 0.2575683664867139
 0.3561309707013459
 0.5835133287921098
 0.5534812222782578
 0.1975459193299179
 0.3950918386598359
 0.4643379761526737
 0.2668698412993157
 0.4350497588586009
 0.2095290887308735
 0.2793721183078313
 0.2946680645958821
 0.2252370025485892
 0.5809999790101167
 0.3123475237772121
 0.6246950475544243
 0.5122880287399305
 0.5561189555148491
 0.6439209162167847
 0.6878740667500972
 0.2439512146351218
 0.4879024292702435
 0.3320299721998368
 0.7081408155403459
 0.5967391062898507
 0.2650356625796317
 0.353380883439509
 0.4858987147293248
 0.7067617668790179
 0.7291826362943448
 0.4643379761526737
 0.3761162249014876
 0.7522324498029751
 0.6640599443996736
 0.2879701881589354
 0.5319086662842529
 0.6878740667500972
 0.4439292406811106
 0.4
 0.7561132964530983
 0.5122880287399305
 0.6935240513176868
 0.7625374840846489
 0.4938647983247948
 0.7019137602506936
 0.7714414762115868
 0.476777802724426
 0.3642566771237945
 0.798168635522411
 0.4339270479318261
 0.7129464797071581
 0.3913703255323749
 0.4611755921872582
 0.7404678810906178
 0.8102995531614581
 0.419058177461747
 0.8381163549234939
 0.8246211251235323
 0.7548218979076955
 0.7424415884062004
 0.7311868067337263
 0.7211102550927979
 0.7122619414026918
 0.7046881337539738
 0.765729366953256
 0.6984302957695782
 0.7599743256253831
 0.6935240513176869
 0.7554678731204082
 0.689998232588758
 0.752232449802975
 0.6878740667500971
 0.7502844988857844
 0.7502844988857844
 0.6878740667500971
 0.752232449802975
 0.689998232588758
 0.6935240513176869
 0.6984302957695782
 0.7046881337539738
 0.7122619414026918
 0.7211102550927979
 0.7311868067337263
 0.7424415884062004
 0.7548218979076955
 0.768273325346536
 0.7827406510647498
 0.8252124634032726
 0.8678540958636523
 0.7714414762115868
 0.8840041937876462
 0.4072513456534986
 0.7450650650913061
 0.3378555038228838
 0.7883295089200621
 0.7190780004503735
 0.8751306522666118
 0.3812687420423245
 0.6935240513176868
 0.4248385633132294
 0.8496771266264588
 0.3123475237772121
 0.4685212856658182
 0.8246211251235323
 0.7122619414026918
 0.8
 0.6878740667500972
 0.4879024292702435
 0.7758551536931331
 0.2879701881589354
 0.3761162249014876
 0.7522324498029751
 0.4202206156933029
 0.6850315997696215
 0.2650356625796317
 0.353380883439509
 0.4417261042993862
 0.6625891564490793
 0.7509343773089566
 0.7291826362943448
 0.6408835364690477
 0.7081408155403459
 0.3320299721998368
 0.6199921321294642
 0.5759403763178709
 0.2439512146351218
 0.4439292406811106
 0.6
 0.6684528916032025
 0.3123475237772121
 0.4685212856658182
 0.6499530939923619
 0.4938647983247948
 0.2252370025485892
 0.563092506371473
 0.6324555320336759
 0.5198498845234308
 0.2946680645958821
 0.5893361291917641
 0.2095290887308735
 0.2793721183078313
 0.5170271493555553
 0.5454914991177736
 0.475753574253136
 0.5742439355892022
 0.6032432668703317
 0.4350497588586009
 0.1975459193299179
 0.3950918386598359
 0.622348032189973
 0.5534812222782578
 0.3561309707013459
 0.4848937525061673
 0.6439209162167847
 0.575940376317871
 0.4472135954999579
 0.6677227407663944
 0.6984302957695782
 0.6008124580566698
 0.4108290250272953
 0.2208630521496931
 0.6935240513176869
 0.5036452487469387
 0.5346528392673
 0.5656854249492381
 0.3139053764526082
 0.721110255092798
 0.752232449802975
 0.4072513456534986
 0.469561289799371
 0.5942816939022412
 0.7502844988857844
 0.7814932548122686
 0.2186432666440485
 0.2811127713994909
 0.3748170285326546
 0.6559297999321455
 0.7808688094430304


