# Created by Octave 3.8.1, Sat Nov 28 18:47:14 2015 EST <chieh@julia>
# name: output
# type: matrix
# rows: 314
# columns: 1
 0.4863554242474765
 0.4059106532247029
 0.491360929262668
 0.4118949168322364
 0.5388647361956165
 0.5880817379461036
 0.421680008257191
 0.6386159585991317
 0.4727483767634357
 0.6901781220311939
 0.4350095159372429
 0.7425541213708019
 0.5250650546193126
 0.7053743814064521
 0.4880296303148537
 0.5782913460475956
 0.7588520565429158
 0.6321975448591508
 0.5418836098792722
 0.7769098448434553
 0.5963455866589182
 0.8316731695873201
 0.6512630469177467
 0.7065297865729688
 0.8520199585619624
 0.87376106648503
 0.7281342220708583
 0.7842245575132493
 0.8077923917220193
 0.8643756056263721
 0.7758592563373669
 0.8894891031374844
 0.8017110576149743
 0.8586950910422733
 0.7716425987224474
 0.885813512608092
 0.8567932169663098
 0.7425541213708019
 0.6854345735730479
 0.6283150257752939
 0.5711954779775399
 0.5140759301797859
 0.8287257066728951
 0.5433867573157274
 0.4863554242474766
 0.8017110576149743
 0.7447477867744109
 0.7191167321014401
 0.4605125168117514
 0.6624390150144968
 0.6058442937915145
 0.6948892901835122
 0.6386159585991316
 0.5825073776566867
 0.436880533242515
 0.5266162103018589
 0.41583658479366
 0.5060804828667692
 0.4880296303148537
 0.3977916199721472
 0.2175047579686214
 0.2554463834396526
 0.2940408689730518
 0.4605125168117514
 0.1665306677320101
 0.3723738933872055
 0.2059474584161182
 0.4515696748993934
 0.2855977389887699
 0.3657435609350027
 0.4461179296753427
 0.4461179296753427
 0.3657435609350027
 0.9368302392785758
 0.8967950911790307
 0.8567932169663098
 0.2855977389887699
 0.9429051632157517
 0.4515696748993934
 0.8634314484842718
 0.8237898336644728
 0.7842245575132493
 0.9506587395862476
 0.744747786774411
 0.3723738933872055
 0.7053743814064521
 0.6661226709280406
 0.9600502977579467
 0.6270155103701169
 0.9210250336235027
 0.4605125168117514
 0.5880817379461036
 0.2940408689730518
 0.843360016514382
 0.5493582196593958
 0.9324667770892451
 0.8940623420387843
 0.5108927668793053
 0.383169575159479
 0.1277231917198263
 0.8558406950298449
 0.4727483767634357
 0.8178274645835024
 0.7800531207075655
 0.7425541213708019
 0.3075981785999019
 0.7053743814064521
 0.3977916199721472
 0.09031393497987869
 0.6866235329637165
 0.6512630469177467
 0.3256315234588734
 0.2355099288576563
 0.6165207857665617
 0.5825073776566867
 0.5493582196593958
 0.4038961958610097
 0.2019480979305048
 0.5172395042249113
 0.2586197521124556
 0.4863554242474766
 0.4569563823820319
 0.342717286786524
 0.2855977389887699
 0.114239095595508
 0.4293475455211366
 0.3723738933872054
 0.2019480979305048
 0.3256315234588734
 0.41583658479366
 0.4515696748993935
 0.3612557399195148
 0.09031393497987869
 0.4880296303148537
 0.3075981785999019
 0.5250650546193126
 0.2175047579686214
 0.2554463834396526
 0.1277231917198263
 0.5493582196593958
 0.421680008257191
 0.2940408689730518
 0.4605125168117514
 0.5388647361956165
 0.3723738933872055
 0.4515696748993934
 0.245680464631334
 0.5711954779775399
 0.3256315234588734
 0.3657435609350027
 0.4863554242474765
 0.5668953253917873
 0.6071891218475912
 0.6462339133776155
 0.6058442937915145
 0.4846754350332116
 0.3231169566888077
 0.1615584783444039
 0.1211688587583029
 0.6474948587978575
 0.5266162103018589
 0.4863554242474765
 0.6512630469177467
 0.2855977389887699
 0.5711954779775399
 0.245680464631334
 0.6574953711868525
 0.2059474584161182
 0.5782913460475956
 0.6661226709280406
 0.5493582196593958
 0.6386159585991317
 0.5625623039629748
 0.6525142739058643
 0.5250650546193126
 0.5418836098792722
 0.6321975448591508
 0.6512630469177467
 0.6165207857665617
 0.5266162103018589
 0.6386159585991316
 0.5493582196593958
 0.6309060265646764
 0.5433867573157274
 0.6574953711868525
 0.5711954779775399
 0.6574953711868525
 0.5433867573157274
 0.5740443509020973
 0.6624390150144968
 0.6948892901835122
 0.5825073776566867
 0.7281342220708583
 0.6165207857665617
 0.7065297865729688
 0.6512630469177467
 0.7414548548593188
 0.7769098448434553
 0.6321975448591508
 0.7588520565429158
 0.6685671660087164
 0.7955832399442945
 0.7800531207075655
 0.6901781220311939
 0.7663391503189579
 0.6770533989701967
 0.421680008257191
 0.2940408689730518
 0.7545403622326462
 0.4605125168117514
 0.3330613354640203
 0.6661226709280406
 0.3723738933872055
 0.744747786774411
 0.6574953711868525
 0.245680464631334
 0.491360929262668
 0.737041393894002
 0.5312425030658047
 0.2855977389887699
 0.6512630469177467
 0.7314871218700053
 0.4059106532247029
 0.5266162103018589
 0.5668953253917873
 0.6071891218475912
 0.6474948587978575
 0.7281342220708583
 0.7281342220708583
 0.4863554242474765
 0.4461179296753427
 0.3657435609350027
 0.6913589237876485
 0.6512630469177467
 0.6112058522306365
 0.5711954779775399
 0.5312425030658047
 0.245680464631334
 0.491360929262668
 0.3330613354640203
 0.2554463834396526
 0.4727483767634357
 0.5625623039629748
 0.2175047579686214
 0.4350095159372429
 0.5250650546193126
 0.3075981785999019
 0.6151963571998038
 0.6321975448591508
 0.6866235329637165
 0.5060804828667692
 0.41583658479366
 0.6512630469177467
 0.5611105278550925
 0.2355099288576563
 0.7065297865729688
 0.3810349091062203
 0.7281342220708583
 0.6386159585991316
 0.3474446450917561
 0.7512903527446915
 0.8077923917220193
 0.6624390150144968
 0.5172395042249113
 0.8326533386600508
 0.8894891031374844
 0.3154530132823382
 0.8586950910422733
 0.9156960108787821
 0.9429051632157516
 0.228478191191016
 0.2855977389887699
 0.3998368345842779
 0.4569563823820319
 0.5140759301797859
 0.5711954779775399
 0.6283150257752939
 0.6854345735730479
 0.8567932169663098
 0.9710323125618178
 1
 0.7716425987224474
 0.7145653146543111
 0.6574953711868525
 0.9727108484949532
 0.8017110576149743
 0.3723738933872054
 0.7447477867744109
 0.9463590398470145
 0.8326533386600508
 0.2586197521124556
 0.5172395042249113
 0.9210250336235027
 0.8643756056263721
 0.8967950911790306
 0.3474446450917561
 0.4930181377760687
 0.2355099288576563
 0.3256315234588734
 0.41583658479366
 0.5060804828667692
 0.2709418049396361
 0.4880296303148537
 0.3075981785999019
 0.3450890610155969
 0.4727483767634357
 0.421680008257191
 0.4995920031960304
 0.4118949168322364
 0.491360929262668
 0.4059106532247029
 0.4863554242474765
 0.4038961958610097
 0.4846754350332116


