# Created by Octave 3.8.1, Sat Nov 28 16:21:36 2015 EST <chieh@julia>
# name: output
# type: matrix
# rows: 407
# columns: 1
 0.304401955412109
 0.244198745948737
 0.3088896955819298
 0.249770536895202
 0.3162277660168379
 0.2587904114611285
 0.3262238776494202
 0.3386427307392982
 0.2709141845914386
 0.3795216690094341
 0.285747049235489
 0.3949218944959795
 0.3276269975769464
 0.4119766627397745
 0.454336899611537
 0.3453491784352057
 0.4731312830591256
 0.515805240252132
 0.3647293831538389
 0.4074985225391126
 0.4930712585976249
 0.5358693528302886
 0.578672951952224
 0.6214809185406193
 0.664292408258385
 0.7071067811865475
 0.7710352863806149
 0.728199992692803
 0.4283529368781194
 0.8355627670107607
 0.7927423080500227
 0.4930712585976249
 0.4502802389379104
 0.857776087632292
 0.8149970450782252
 0.7294587663076778
 0.6867019972502795
 0.515805240252132
 0.7523662976712605
 0.4731312830591256
 0.8609787475133895
 0.7757801636967273
 0.7996558892951416
 0.6057825328153826
 0.866290202874493
 0.7148490570126861
 0.6725277525735658
 0.7394518177850995
 0.5881084590728377
 0.8065102079926393
 0.8736719935385237
 0.7644629943462081
 0.5460449959615772
 0.6806634647853357
 0.8572411477064671
 0.7480862433723372
 0.6389498264605329
 0.5298433211376061
 0.8415799906924742
 0.7325962378462109
 0.556034452104009
 0.6503351288501289
 0.7180503675058103
 0.8534871803211089
 0.8399432047203926
 0.569081023237618
 0.731969819400883
 0.664292408258385
 0.5966266024510586
 0.6920253482126268
 0.6244263422380048
 0.7875172926599975
 0.8155596941235506
 0.7480862433723372
 0.8437574328588681
 0.6418150866913205
 0.7375884335099803
 0.8333639138119893
 0.670478399654806
 0.8239533254795489
 0.7572281660192284
 0.6615245111854001
 0.6906983568704115
 0.8155596941235504
 0.8448440494493101
 0.8741968791332068
 0.9036115102564209
 0.7787310308114246
 0.9330820981215225
 0.8082147048738423
 0.6833538446984988
 0.7129213706531352
 0.7425470670529855
 0.95638846661938
 0.8019471716111017
 0.6772854614785963
 0.9510978687618339
 0.7967825207176051
 0.8267322653266354
 0.6425294053171791
 0.6725277525735659
 0.9167153170298095
 0.9467472076691632
 0.7626607215182837
 0.8529495505478718
 0.8830722018960101
 0.913205866236327
 0.6389498264605328
 0.820046989031838
 0.60653928830446
 0.6367924207745905
 0.788099560608425
 0.8183671368293095
 0.7875172926599975
 0.7572281660192284
 0.5754934061746135
 0.5452042795338444
 0.5149151528930753
 0.4846260262523062
 0.7578337064326875
 0.6973080611251327
 0.6367924207745905
 0.4553454178327531
 0.7898437889919591
 0.6992787896740996
 0.6691086772851991
 0.608803910824218
 0.578672951952224
 0.5485594144599659
 0.7927423080500227
 0.4583576585149047
 0.6725277525735659
 0.7967825207176051
 0.7369662584237121
 0.5527246938177841
 0.6772854614785963
 0.4930712585976249
 0.647507571419726
 0.8019471716111017
 0.7722242389548245
 0.6177793911638596
 0.4633345433728947
 0.5881084590728377
 0.7787310308114246
 0.4995410737904039
 0.6906983568704115
 0.5658475821619565
 0.7863514633121828
 0.6615245111854001
 0.5367246915276145
 0.6324555320336759
 0.7281999926928029
 0.4119766627397745
 0.6035065728608419
 0.7950535150184039
 0.7662610281769212
 0.3831305140884606
 0.4502802389379104
 0.7090502757759718
 0.3545251378879859
 0.7763712343833854
 0.5175808229222569
 0.6806634647853356
 0.5849802004020181
 0.6524477552988404
 0.4893358164741303
 0.3262238776494202
 0.5568588179415552
 0.6244263422380048
 0.2306751160708756
 0.7596474314993017
 0.2983133012255293
 0.731969819400883
 0.7045071151020107
 0.6772854614785964
 0.6095569153307367
 0.4740998230350175
 0.4063712768871579
 0.2709141845914386
 0.2031856384435789
 0.6503351288501289
 0.5826229838277955
 0.5149151528930753
 0.4472135954999579
 0.3795216690094341
 0.556034452104009
 0.4883974918974739
 0.3532288807584041
 0.176614440379202
 0.3276269975769464
 0.2605569194185423
 0.3028912664076913
 0.1514456332038457
 0.2365656415295628
 0.2792519496371454
 0.2141764684390597
 0.1285058810634358
 0.1939450409241818
 0.1092089991923155
 0.176614440379202
 0.1631119388247101
 0.124885268447601
 0.184241564605928
 0.1817347598446148
 0.1211565065630765
 0.2141764684390597
 0.1544448477909649
 0.2792519496371454
 0.249770536895202
 0.3746558053428029
 0.3453491784352057
 0.4410163407902668
 0.3162277660168379
 0.4119766627397745
 0.3831305140884606
 0.4789131426105758
 0.5746957711326909
 0.5460449959615773
 0.4502802389379104
 0.6133080702149823
 0.5175808229222569
 0.5849802004020181
 0.1631119388247101
 0.6524477552988404
 0.2306751160708756
 0.2983133012255293
 0.664292408258385
 0.3659849097004415
 0.4336742954054492
 0.5013742582033812
 0.569081023237618
 0.7045071151020107
 0.2031856384435789
 0.2709141845914386
 0.3386427307392982
 0.4063712768871579
 0.4740998230350175
 0.5418283691828771
 0.6095569153307367
 0.7180503675058103
 0.6503351288501289
 0.5826229838277955
 0.7064577615168082
 0.6389498264605329
 0.6973080611251327
 0.6302758970657362
 0.6725277525735658
 0.6057825328153826
 0.667048820132655
 0.6012219971925985
 0.664292408258385
 0.5996941116293671
 0.6425294053171791
 0.578672951952224
 0.3647293831538389
 0.6439556654635231
 0.3878900818483637
 0.5818351227725456
 0.648215617089354
 0.3028912664076913
 0.5634103235303294
 0.4119766627397745
 0.5211138388370846
 0.6302758970657362
 0.6133080702149823
 0.50411153564164
 0.285747049235489
 0.5973949564107099
 0.4207899953462371
 0.244198745948737
 0.556034452104009
 0.3386427307392982
 0.4740998230350175
 0.5418283691828771
 0.5013742582033812
 0.3659849097004415
 0.2983133012255293
 0.2306751160708756
 0.3262238776494202
 0.421878716429434
 0.5175808229222569
 0.3545251378879859
 0.2873478855663454
 0.5077382840968512
 0.4119766627397745
 0.249770536895202
 0.3746558053428029
 0.4995410737904039
 0.3088896955819298
 0.5228713947165632
 0.3684831292118561
 0.4583576585149047
 0.244198745948737
 0.5485594144599659
 0.9433494881965719
 0.3345543386425995
 0.3647293831538388
 0.7294587663076777
 0.7596474314993018
 0.7898437889919591
 0.4251281512134059
 0.8502563024268117
 0.8804710999221752
 0.9106908356655061
 0.9409150338460063
 0.4855716389100186
 0.9711432778200373
 0.5762899372218113
 0.60653928830446
 0.6367924207745905
 0.6670488201326549
 0.6973080611251327
 1
 0.2726021397669222
 0.3028912664076913
 0.4240477729707679
 0.5149151528930753
 0.7572281660192284
 0.7875172926599975
 0.8178064193007666
 0.8480955459415358
 0.8783846725823049
 0.9389629258638432
 0.9995411791453814
 1
 0.9091784778508321
 0.7275697892059136
 0.6973080611251327
 0.6670488201326549
 0.6367924207745905
 0.60653928830446
 0.5762899372218113
 0.5460449959615772
 0.9711432778200373
 0.820046989031838
 0.3949218944959795
 0.7898437889919591
 0.3647293831538388
 0.3345543386425995
 0.9433494881965719
 0.304401955412109
 0.913205866236327
 0.8830722018960101
 0.7927423080500227
 0.8567058737562387
 0.7967825207176051
 0.8615113666472344
 0.8019471716111017
 0.7722242389548245
 0.7425470670529855
 0.8673485908108984
 0.8448440494493101
 0.7199643212362755
 0.8155596941235504
 0.6906983568704115
 0.7863514633121828
 0.6615245111854001
 0.7572281660192284
 0.6324555320336759
 0.6035065728608419
 0.5746957711326909
 0.670478399654806
 0.7375884335099803
 0.5460449959615773
 0.7090502757759718
 0.6133080702149823
 0.5175808229222569
 0.6806634647853356
 0.6524477552988404
 0.6244263422380048
 0.5289768556009495
 0.5966266024510586
 0.5013742582033812
 0.569081023237618
 0.4740998230350175
 0.556034452104009
 0.5298433211376061
 0.4623434523056515
 0.50411153564164
 0.4368359967692618
 0.4119766627397745
 0.4967786134946713
 0.3878900818483637
 0.4731312830591256
 0.3647293831538389
 0.4502802389379104
 0.4283529368781194
 0.4074985225391126
 0.3647293831538389
 0.4304893737566948
 0.3453491784352057
 0.4119766627397745
 0.3276269975769464
 0.3949218944959795
 0.311845645186875
 0.3795216690094341
 0.3659849097004415
 0.2983133012255293
