

function K_y = get_K_Y()
	Y = [ 1 0 0 ; 1 0 0 ; 1 0 0 ; 1 0 0 ; 1 0 0 ; 0 1 0 ; 0 1 0 ; 0 1 0 ; 0 1 0 ; 0 1 0 ; 0 0 1 ; 0 0 1 ; 0 0 1 ; 0 0 1 ; 0 0 1 ];
	K_y = Y*Y';
end
