# Created by Octave 3.8.1, Mon Sep 26 17:11:36 2016 EDT <chieh@endsley>
# name: assignment
# type: matrix
# rows: 1
# columns: 138
 7 4 7 5 8 8 12 12 10 12 12 12 5 5 5 5 5 8 4 10 10 4 5 5 4 7 12 2 2 2 5 11 11 11 11 11 7 4 4 5 10 4 3 4 4 7 4 2 4 7 4 2 2 5 12 7 5 5 8 5 4 7 7 5 5 2 6 6 6 6 1 10 6 5 7 5 5 8 6 4 4 7 5 2 5 7 4 12 5 8 4 8 10 4 8 8 7 8 5 8 8 2 3 4 7 4 7 4 1 6 1 1 1 1 3 3 3 3 4 6 3 3 3 3 3 3 6 9 1 9 10 10 3 9 9 9 9 10


# name: sample_data_id
# type: scalar
9


