# Created by Octave 3.8.1, Mon Sep 26 08:26:24 2016 EDT <chieh@endsley>
# name: assignment
# type: matrix
# rows: 1
# columns: 84
 1 1 1 1 1 1 1 1 1 1 1 1 1 1 1 1 1 1 1 1 1 4 4 4 4 4 4 4 4 4 4 4 4 4 4 4 4 4 4 4 4 4 3 3 3 3 3 3 3 3 3 3 3 3 3 3 3 3 3 3 3 3 3 2 2 2 2 2 2 2 2 2 2 2 2 2 2 2 2 2 2 2 2 2


# name: sample_data_id
# type: scalar
1


