# Created by Octave 3.8.1, Fri Jan 08 10:14:02 2016 EST <chieh@julia>
# name: y_total
# type: matrix
# rows: 2
# columns: 304
 -5 -4.666666666666667 -4.333333333333333 -4 -3.666666666666667 -3.333333333333333 -3 -2.666666666666667 -2.333333333333333 -2 -1.666666666666667 -1.333333333333333 -1 -0.666666666666667 -0.3333333333333339 0 0.333333333333333 0.6666666666666661 1 1.333333333333333 1.666666666666666 2 2.333333333333333 2.666666666666666 3 3.333333333333332 3.666666666666666 4 4.333333333333332 4.666666666666666 5 -5 -4.666666666666667 -4.333333333333333 -4 -3.666666666666667 -3.333333333333333 -3 -2.666666666666667 -2.333333333333333 -2 -1.666666666666667 -1.333333333333333 -1 -0.666666666666667 -0.3333333333333339 0 0.333333333333333 0.6666666666666661 1 1.333333333333333 1.666666666666666 2 2.333333333333333 2.666666666666666 3 3.333333333333332 3.666666666666666 4 4.333333333333332 4.666666666666666 5 -0.1340857241967498 1.719505874896643 2.546092286839514 2.964044998923232 3.476050614394162 3.656355226547815 4.051003048693724 4.29177297903313 4.372195627268093 4.587964655349264 4.767427075908779 4.888008821866549 4.942535953448992 4.860237958427484 5.04821070660034 4.838498616323424 5.05853224578984 4.891526769180978 4.97383956968534 4.869287954868884 4.837353674534061 4.59350128015867 4.416774875467368 4.332885555559927 3.845881905020959 3.636648606356572 3.379586788994758 3.117953688909789 2.58909646623919 1.85854289250082 0.08366969066951307 -0.03683812678852091 -1.671281867615932 -2.542479038015129 -2.919050819007295 -3.345474247075956 -3.706800216805182 -4.096582487499624 -4.048908599226463 -4.565461587981662 -4.612954766438651 -4.849117981912825 -4.822195788114032 -4.914255777444945 -4.859658712205926 -4.992063164464392 -5.079123055182252 -4.982432922190479 -4.779561743287983 -4.740833466740892 -4.804131789789343 -4.690909107574117 -4.548688841748064 -4.388820173627823 -4.123068699794256 -3.911271933892852 -3.520568253909436 -3.551062611937766 -2.8204059735741 -2.492315078704646 -1.854349036071123 -0.08041074791596729 2.122455768331724 2.13479433089272 2.014207078872657 2.172624546622689 2.105513797001478 2.190420527472343 1.766804510134422 1.788441633373618 1.731859479743361 2.170803391746663 1.940628307709467 1.630738833092908 1.750493761274571 1.921965355147426 1.991122190208458 1.942682615405014 2.061746022317182 2.348336471231764 2.191842958193412 1.799250056698646 2.28885677292512 1.788132176689603 1.951935770022342 1.922985152849929 2.032881527452766 2.127202336832926 1.813046672376608 1.728007871962903 2.221394153486854 1.827152948982308 1.931693543023114 1.940914495456026 2.068860850848045 2.300253096593706 1.919610997559431 1.963596796928907 1.953099692407379 2.105788560371276 2.237094480727306 1.997885323133084 2.116044773239652 1.935169058032659 2.279074591571846 1.696075246387943 2.14312804894587 2.008115687957272 1.494002125648833 1.716993757265206 1.7470368601348 1.9478179619985 1.915068899626003 2.114130787388193 1.885185608319157 2.010435512110157 2.017926362040054 1.980414160735504 2.04952383143524 2.018321900618505 1.979889077016214 1.909293525025196 -1.763628573717962 -2.237983882002037 -2.233834508623869 -1.939172294522562 -2.053611222525149 -2.201196755700678 -2.030882263066204 -1.777747301081022 -2.210007996854732 -2.282512936486253 -2.242554274824307 -1.958998089775468 -2.232470139022857 -2.338453846013608 -1.92381640465802 -1.916182382709414 -2.038756144850667 -1.992944426714561 -2.154233373806213 -2.034748306407357 -1.976500730229024 -1.683187897874308 -2.213974756151358 -2.054636983396914 -1.757650313377333 -1.942924014278106 -1.968169557141343 -1.683562090894008 -1.947707583059318 -2.068958120434283 -1.549755928023795 -1.913466157688565 -1.839409686391792 -2.171792154980113 -1.573251299688973 -2.039619708906435 -2.114960504886253 -2.026242362653861 -1.971104108955029 -1.608352453345278 -1.837837236865357 -1.818601265773503 -2.372436386447597 -2.047073345643687 -1.766702810325318 -1.906262183738098 -2.024876128315363 -1.861563353014852 -2.127613210880853 -1.836449611091785 -2.113052194787555 -1.709000586266603 -2.035596621791293 -1.824587435878484 -2.030957336358 -1.988194439206311 -1.988648398729731 -1.797325700971592 -1.837657844047848 -2.350509917902754 0.2791537893758399 -0.09535270940536926 -0.1883499103604606 -0.1593059349555647 0.04480997717907061 0.1674291418497047 -0.108560009785973 0.1392312305517072 0.06934030729061162 -0.106968585540214 0.0946321043645475 0.02686512471194346 0.1407176456218387 0.09443783287771859 -0.09319434853154773 0.05790655393074864 -0.230062304862735 0.07557063619692693 -0.004756401723140248 -0.3233378382802863 0.04943211274003903 0.1233946477668118 -0.1301851997013181 0.002714265361179654 -0.01283139347327863 0.03685759620955094 0.009268675412574978 -0.2314374050053426 -0.0206951107522431 -0.3522914064750632 0.003969408902305038 0.1786750246755814 0.1026438784089774 -0.04381564463685766 0.3522385171509704 0.03206698490651024 -0.1120931448196495 0.2289383960930625 0.1131137852716088 0.1037016071485088 -0.1947556072892699 -0.09160818912551094 -0.1328437719938641 0.04068729247763052 -0.03492983285360197 0.2742063690085185 0.433586708768949 0.4697682195841916 -0.07398169604610119 -0.01319640801502464 -0.08542314661605124 -0.2456180677241687 0.158974163456268 -0.08215081129940571 -0.1077986848991039 0.2058774885562693 -0.01163889630293347 -0.17739944680811 0.1434760021950857 0.001014161752940778
