# Created by Octave 3.8.1, Wed Dec 30 13:03:38 2015 EST <chieh@julia>
# name: y_total
# type: matrix
# rows: 2
# columns: 299
 0.4544609063126815 0.4550112260735063 0.4475910318446371 0.4357260128235801 0.4640844449094138 0.4460929425470354 0.4528964846827063 0.4542373908019814 0.469046668927846 0.4396204613266429 0.4610803448368491 0.4292299864394692 0.4541177725581776 0.4368357718574171 0.4417894610238086 0.4302669031239951 0.4487407519787605 0.4361893702920179 0.435905912345682 0.4351803606442642 0.4433289542267644 0.4418178009039304 0.4368043215815935 0.4324854395718438 0.422427467228623 0.4443628404106115 0.4372903600030453 0.4328506381540963 0.4431058180990711 0.4380743736115112 0.4304682335894054 0.4051842526284933 0.4201603025045529 0.4252680968368169 0.4165834977097072 0.4281608508855837 0.4510637726527504 0.4146000018816893 0.4489510739611072 0.4466872786427459 0.4286521745379384 0.4311057229847178 0.4404592617501357 0.4297975802086051 0.4399115421977369 0.4477432301052782 0.4390103357817123 0.4538238285633663 0.4561945092459512 0.4498275636014692 0.447552751866325 0.4518252776905946 0.4552539285865859 0.4631733025653331 0.4523975893537183 0.446757810235535 0.4656296538686668 0.4645918222463357 0.4533815156475385 0.4542903750990867 0.4517740104223568 0.5756482193427161 0.5736396682257354 0.5735437604452864 0.584781723836801 0.5786882612514453 0.5817858076593294 0.5877843275720336 0.5690681911480725 0.5712629773822985 0.5688274968749649 0.5543579986529042 0.5437660327966466 0.5473525994619532 0.5555598037545242 0.5544054979093349 0.551362653167833 0.5418724942236678 0.5510220116902642 0.548369969146179 0.5172892665550203 0.5444562083771789 0.5162739131032692 0.5069414923495746 0.5024856130062538 0.5113668755262845 0.5110317901222118 0.4948993310310435 0.4753810303086264 0.4821731947614671 0.4779021424552763 0.4716823849127546 0.4607548737785687 0.4618292021720034 0.446298102753677 0.4427088662085919 0.4332223095692547 0.4465119725622538 0.4299266239548178 0.4203884559845604 0.4240659138947117 0.4239182688481645 0.4051008332642472 0.4006881245716577 0.3931502261723855 0.4028625692858445 0.3905004716247906 0.3604681219937507 0.3736096849759369 0.378875026253128 0.3611878084783935 0.3681124646384702 0.3464144946207096 0.3379130713884373 0.3562529664457781 0.3520315129210008 0.337527617073574 0.3360048905757592 0.3385301598225372 0.31483420471746 0.3187508640437486 0.3234103969101351 0.3011217721237465 0.3263882075904324 0.3259352248565939 0.307441266561388 0.323872001317649 0.3042917407731343 0.3324251036906546 0.3065307874179751 0.3225667852338312 0.3167728294182222 0.3089435249963292 0.3077966776704526 0.3085211114355273 0.3099827879097078 0.2967562042771471 0.3230855177152835 0.3306631846198202 0.3194696392472613 0.3348457355194659 0.3374799709014068 0.3298880391298153 0.3350206727732162 0.3441412230685824 0.3430435707015967 0.3431014945156349 0.3506729192632201 0.3531449189240059 0.3486541198156767 0.3626341418470578 0.360914025836845 0.3734102495161159 0.3861812408044258 0.378879454072001 0.4092938458143935 0.3866022381420363 0.3927635645381932 0.4075662097051274 0.3942397898371109 0.4276807200476291 0.4421822335135774 0.4208337413076491 0.4230710469234873 0.4565059282120733 0.446644921290767 0.4523920088341855 0.4570218239279654 0.4688769960394031 0.4821579353839389 0.487830953584638 0.4751239972786283 0.4720201329965817 0.4884406074564225 0.4944283887558494 0.4929411625808388 0.5052763223293486 0.5206879642210047 0.5125138252711297 0.5216530104255199 0.5374833296426769 0.5445457548977225 0.5315112754087501 0.5612790916186498 0.5378466551442561 0.553448637921153 0.5609603582438398 0.5487950164245252 0.564118385259293 0.5603917677568877 0.5545982764399622 0.5533463377152581 0.5728705996840515 0.5918146007439409 0.5594158710330889 0.5791756474565212 0.5672338394172661 0.5773331512826148 0.5978056463252581 0.5950839183693629 0.7817826288616304 0.7785270586355379 0.7873155341859497 0.7883338615361164 0.7696134269941043 0.7449721946623712 0.7615100395634615 0.7514260931967975 0.7296827451921918 0.7058284201337279 0.7111768740629885 0.6904524039858682 0.6908380670570539 0.6586623974452552 0.6444210396332581 0.6206971623397819 0.6049026222142654 0.6075886212595401 0.5732486128232598 0.5597638047803986 0.5536432499434063 0.5269018817541234 0.5051355852283779 0.4572454539357226 0.4685258437754093 0.4235920556497275 0.4146212152966732 0.3998639517701565 0.3571257841076874 0.3490725451752859 0.307119373298975 0.3023090172048712 0.2834668816941828 0.2820661040385512 0.2480601522498873 0.2259605609778797 0.2142339701295172 0.1870259594287819 0.1799710504814385 0.1813595004758754 0.1489582605911245 0.1498242892873535 0.1392697075530416 0.1406294014883053 0.1194315847618548 0.1351783449970966 0.1217153988409747 0.1038162389919784 0.1250131203560114 0.09677608537960108 0.1197507856227313 0.1109083982741531 0.1226465982390054 0.1191572089460596 0.1294600403257387 0.1242698729629366 0.1481218241031159 0.1692160486410639 0.150553118198997 0.1827407115634083 0.1955193647016502 0.1948723528131618 0.2116072250701906 0.234862869024118 0.2613088975676205 0.2630436574549447 0.2983830249043678 0.2966645247996268 0.3356149842727483 0.355650247277875 0.3551202605581004 0.3963813630947074 0.3914048604638882 0.4208789461211165 0.4509512724021807 0.4722957433367561 0.4934292885422327 0.5026000510662795 0.5311347842845759 0.5546047520350951 0.6017156770406453 0.5827905769957417 0.5986763356032476 0.6252071229222207 0.6335037529683032 0.6626507514042166 0.6750041336653736 0.6968012303401203 0.7001782146509719 0.7355989859479065 0.7197342956087707 0.7486571241291943 0.7444559082082362 0.743893667550382 0.7536344104557579 0.7755114314159235 0.7657658372391574 0.787451639659636 0.7760601855322942
