# Created by Octave 3.8.1, Mon Dec 28 19:26:46 2015 EST <chieh@julia>
# name: y_total
# type: matrix
# rows: 2
# columns: 360
 0.2872485122768199 2.552079343177689 0.5646052051778387 0.02505493901516255 -0.6953249128621618 0.4592112797960107 -0.1771214160442045 -0.2773456163039372 0.5685693328338937 1.217845559706551 1.257281612772319 1.428836962735029 0.2756585571552631 -1.822398638827182 -1.924985673666362 1.28265347276448 0.008218003873382389 -0.07922881658723309 -0.2676273710532718 -2.011873562762559 -0.536737677807109 -1.408284715235037 0.1659781085361303 -0.1929603996881883 -0.3970237574240083 -0.5745645442729101 0.8615138513962282 1.425933808288874 -0.07972792951245646 0.8572861304449909 0.6576645412759511 0.1304875002486383 -0.9598949739438516 -1.375613804151234 0.1001487493631508 -0.6686366117360968 1.627362360977646 -0.7350905688219086 -0.5124659593248372 0.7173597292158178 1.163185614830625 0.2835892023140738 0.6459807233474585 -1.628006682709366 -1.344247435937688 0.9712382802017619 0.07098136132768568 -0.1901890881573419 1.473497894776678 -0.5465457151484726 0.8742481373945178 -0.02043180497260374 -0.1912989386932819 0.5894494535403023 -1.033511588644279 -0.6115304198550117 -0.3914350676860048 -1.17944906478383 0.4990498305329016 -2.844000692295621 0.3747124032959532 -0.7562088706754827 -1.07391646392146 -0.4104713116464484 1.205115050091794 -0.2365867315542009 0.9220961538248895 -0.1864121874714458 -2.23167288974456 -0.03497675483525759 -0.2106886404184449 1.614047347233713 -0.07690196614666826 0.1301298122110075 0.2386304205573132 -0.4388659847674705 -1.1694842939844 1.078049839177058 1.429250944727794 1.290917849743279 1.591071307521709 1.227184017770505 -0.2981938528074502 0.5284622018073618 0.3896584475516625 -0.6851927764641147 -1.128269742070821 0.5131935982975782 -0.6592480815449718 2.4577326176629 9.094352758910727 12.08393917203427 7.211948333802789 10.42391187612959 11.5014228997852 12.06564963123835 7.169866686236883 8.735370018549974 8.499098159495508 9.996930874216888 9.208162592714297 9.067888865679841 14.07244604082003 12.4721308390549 8.371820077414904 10.07264450737556 10.280255393319 12.36808236196024 7.936159105104807 9.105164856919783 11.67032795433741 8.323724157874324 8.680113367030984 10.13260796592207 9.65054130289108 8.655546716796902 5.997531849482648 12.16458463304401 11.34225614303634 10.2419018728246 10.16211904880445 6.994492273872767 11.59572609686406 7.010284989124305 9.07037387515097 11.2134045171127 10.67416029921764 6.977927409529249 8.27536863198687 11.37306094345951 9.733599895992846 10.38946873928903 10.09564606164544 12.33342652404338 11.3226584788166 8.235838018608964 8.955260397251092 6.262591247689981 10.53483007056712 10.76582001765087 12.02593227171873 9.546183820146016 10.85428326413047 8.851575905152943 11.44021527997404 10.86204583709969 7.918431898716275 5.845129128255547 10.86220575723691 10.12923285526051 10.20118936093252 12.47046852936441 10.64709282839807 10.57750154893413 11.04175764414873 7.422318299959304 9.887348597499944 10.92530252179836 10.1993466641289 12.47899140020526 12.28384286668347 9.435029075222177 12.14763512759033 6.983436326940135 11.7893537133467 9.333545702203944 8.965675877391224 10.36605979864364 10.39403078118042 8.011848905326447 9.425176693035565 11.17215703361447 9.411120405642865 11.10266188269837 7.763534731599192 10.18603418264506 14.99743923984509 8.569766117688456 8.868733915400805 13.64372834666335 3.678474615762628 10.58502730230428 25.55442869634876 22.16598845515516 31.03675295509123 20.53693406299826 17.50547251281412 27.81580100647883 15.12322726220012 23.51734586242503 4.337412232384063 22.80257886604579 23.22474402476552 18.60411910124308 27.47995587797984 13.84256748871131 22.79749290285598 30.80040869575489 23.98246266508333 10.80716360484384 26.84175124164169 18.48358451888981 22.74203785890387 7.297950354929235 16.00701554053877 21.35033015725949 16.90017791043452 33.53702340377431 13.70637164007023 20.82733150872625 16.85049928247444 14.42338635467088 14.52295459157904 22.13988944483548 11.21716260920953 14.36156990615281 28.71030223395744 25.42859300424884 15.11198586359935 25.36750194659548 32.35478542963708 23.26123596920105 28.50056670096619 27.24351289292734 23.69184038163 23.59094301033403 25.14135820988871 9.38072173039259 15.45553013981414 15.94460452678581 23.59073758842142 10.88834394289697 -1.066497500284246 17.66871076165682 18.86867736840829 18.77276009582143 33.82982145591631 24.10409586169885 23.45103038224612 19.09180346950146 20.85571873155835 35.65840955482314 28.46196972540962 35.91075381365641 21.64961211618343 7.028836870866639 24.8279060012841 20.08217674064738 17.75045115864194 20.38489498644704 15.38703078433936 17.99900494128714 11.71348918435492 17.34471075867307 27.68560059714423 9.739619230214776 19.12698859100452 22.69985455471142 36.56338231840087 24.74971247932301 33.87299301790182 24.90023982066069 15.05347794778781 25.99264804511951 31.88719057293636 24.59074702418453 12.05337408949245 19.42600324468899 17.39569619638942 8.380593833878317 31.29453418418878 31.65452199180408 29.87862895656626 28.52748804723762 31.14758830835846 29.22944801178506 32.84237469284871 31.62369782802889 29.03918748407241 28.95561796718304 30.24838880685044 31.48544132771179 30.42504762861713 31.0382291665752 28.33286925744556 32.54999132412964 29.59153354972808 29.6209290057604 30.3028977549215 27.36537650761075 30.02277264556299 31.26165164507599 28.63282120433032 28.97790184110804 30.32792030639064 31.17962320994319 27.96880328718161 31.84601912485424 27.88218322896294 29.44561567745347 30.384233501719 30.50382087357983 29.96044905072073 28.70184885894029 31.28395539237088 30.30095981438488 31.49253640784854 30.74040573082678 30.32257529554726 30.80859054307024 31.39829973948373 29.40042894774432 31.06434933023641 29.00305846132073 29.83845362683088 28.99253829012247 30.04921882973102 30.02066333052026 30.25398207358219 31.56636579794262 30.11931497330601 31.04782031784061 29.60163527655725 30.34277054283481 29.77473499194928 30.2307804044624 28.67600967703806 28.30116434141854 32.1221447810927 29.57730658145613 29.42613477233381 30.10846050741331 28.91154251632112 30.65585313822001 28.66683627720049 32.06636500400656 29.59593273719658 29.93596357030794 28.54838921464151 31.51402533318684 29.68807179720102 30.527738027156 29.39380764078035 28.92129925819358 29.78601308952918 29.98763572732837 29.55909076192824 29.66938302566998 29.83204588667709 28.22707305938342 30.11399508773906 30.42760295737784 31.16339826532662 31.74449169066219 28.30512792790786 29.57799117761556 30.66954610230981 29.67539504975698 30.50003499579663 29.77149391982929
