# Created by Octave 3.8.1, Fri Jan 08 10:23:47 2016 EST <chieh@julia>
# name: y_total
# type: matrix
# rows: 2
# columns: 120
 0.3917165220220832 0.2122353726828153 0.7686158251148222 0.4726038335157635 1.327463689763045 0.7309374524264841 1.153900399256267 1.371965691946982 1.964502217563699 0.2088761869578316 1.242222541652788 0.1410372936911338 0.9051726582630956 1.246992138481632 0.2820378213773379 0.5966409892254313 1.885142226145389 1.698682164487998 0.59676624360885 0.7699368426145837 0.410340991429662 1.827357469861673 0.9137105759452081 1.432902976067851 1.437541485966169 1.46333959630608 0.2316978728747331 0.9493216674914146 0.04806033171537214 1.586041734338113 0.4518985171280564 0.7424523948915788 1.115433867627627 1.501181183260277 0.562714043560372 0.5358806694159713 1.359281152382503 1.78235053525872 0.6762710605549057 1.791848076733379 0.5657540303880126 0.5991622946194467 0.5451229922988785 0.54560804161865 0.5121229048042475 0.5435386703626095 0.5894460133829924 0.5157318258269366 0.5418558440026733 0.5939489432960934 0.5230043575641578 0.5386648637284129 0.5545703861353638 0.5574272844277686 0.5004232450921714 0.5105340513439016 0.5805015970750549 0.5633222381465687 0.586575018422089 0.5973457046782138 0.5991573344239342 0.5691669538413028 0.5990680141099762 0.5650670594928404 0.5650976228766489 0.5751552040894136 0.5465626160665831 0.5262623150921782 0.573688348425368 0.562172190652916 0.5977403050484619 0.5586230639246706 0.5367343268032581 0.5665610926182159 0.5955106940106953 0.5084934535468063 0.5890188165790271 0.5359958634400267 0.5180457987973953 0.5204371012916745 0.6991773835436692 0.6667537773888128 0.6384673532174687 0.6323407761063502 0.6850079659055712 0.6758745162386143 0.6548195313003609 0.6506714542870613 0.6637559162204809 0.6758921920084323 0.6613562997581435 0.6613339523776494 0.6754556467542017 0.6650480037210639 0.6170587391361121 0.6646208303397501 0.6039028448430498 0.6677219912016965 0.6171600094992554 0.6355813739239439 0.6950432831097609 0.6196202350744788 0.6253220650877855 0.6444656698967974 0.6456890730529529 0.6165271912889246 0.662636523939217 0.6112171212305189 0.6490137436754161 0.6236908607902966 0.687804326381924 0.6770631196814296 0.6451891056542466 0.6308129990996545 0.6813864063031895 0.6399582853987106 0.6885279270989692 0.6586877836344607 0.6255289662499147 0.6943237238114026
 0.2855827606857103 1.384986091479426 1.226688811997053 0.9595329936599643 0.4898962945211446 0.2279226885751767 1.788609406241376 1.284484240948522 1.269372850528762 1.925609332468603 0.5008023871164217 1.192251286180071 0.8255157528467724 0.5363975631545265 0.6777596320847769 0.5294377254394272 1.560192393548889 1.29863000683728 1.017820804891562 0.860882408263438 0.6283257196085094 0.08684238341898029 0.3423844446052166 0.530898399052011 0.3888260564966267 0.9490878613971355 0.6655615281071204 1.199717925230191 0.1181382659730344 1.72727012098593 1.395441663064417 0.06784011905428619 0.9407033000254611 1.986812057924188 1.291557357241326 1.863631620955217 1.292922492735807 1.443811356928722 1.515741210963298 1.311188486381258 0.5680755252854881 0.5458581137559191 0.5153591903309428 0.5133918544181157 0.5601212206005055 0.5269642967398641 0.5871136593224018 0.5181857414505145 0.5326723324568842 0.554554417533914 0.5298751606865985 0.5093202285752166 0.5918327992109509 0.5362054156352801 0.570819931425893 0.5485453569951354 0.5831681454999187 0.590474728490455 0.5623828569396099 0.5108552034912401 0.5582782731363035 0.5854195208989018 0.5861340745888683 0.5686147290338142 0.5275007210923101 0.5125800316445793 0.5466773695869795 0.5362536793498972 0.5523443542005473 0.5337930285921693 0.5772300148114125 0.5342602382619938 0.510879507313014 0.5087610742111697 0.5283827114617977 0.5260047328743622 0.5137763084309717 0.5088159827541089 0.5208973401557544 0.5871719425253991 1.388683280552196 1.360726487972614 1.344039580136228 1.304023632059965 1.329603902797271 1.312879013515795 1.360589912639782 1.314280652925863 1.357287850026453 1.326265322881307 1.398746486078279 1.345059899443609 1.380424549417711 1.303436852198297 1.345774569507588 1.371815290124804 1.376358223017194 1.360779651206696 1.355791743694891 1.3028852965305 1.357230112702031 1.394971189818533 1.337665224835064 1.37418823784528 1.330290119232124 1.317588624562568 1.397540527847705 1.398034340925541 1.349745784396746 1.366921991444308 1.310227463629106 1.398843698882212 1.324480464498505 1.362012465993766 1.349758662900919 1.316076984210958 1.334905836613604 1.380972035019685 1.355743251815289 1.399865523172635


# name: y_normalized_1
# type: matrix
# rows: 2
# columns: 40
 0.3917165220220832 0.2122353726828153 0.7686158251148222 0.4726038335157635 1.327463689763045 0.7309374524264841 1.153900399256267 1.371965691946982 1.964502217563699 0.2088761869578316 1.242222541652788 0.1410372936911338 0.9051726582630956 1.246992138481632 0.2820378213773379 0.5966409892254313 1.885142226145389 1.698682164487998 0.59676624360885 0.7699368426145837 0.410340991429662 1.827357469861673 0.9137105759452081 1.432902976067851 1.437541485966169 1.46333959630608 0.2316978728747331 0.9493216674914146 0.04806033171537214 1.586041734338113 0.4518985171280564 0.7424523948915788 1.115433867627627 1.501181183260277 0.562714043560372 0.5358806694159713 1.359281152382503 1.78235053525872 0.6762710605549057 1.791848076733379
 0.2855827606857103 1.384986091479426 1.226688811997053 0.9595329936599643 0.4898962945211446 0.2279226885751767 1.788609406241376 1.284484240948522 1.269372850528762 1.925609332468603 0.5008023871164217 1.192251286180071 0.8255157528467724 0.5363975631545265 0.6777596320847769 0.5294377254394272 1.560192393548889 1.29863000683728 1.017820804891562 0.860882408263438 0.6283257196085094 0.08684238341898029 0.3423844446052166 0.530898399052011 0.3888260564966267 0.9490878613971355 0.6655615281071204 1.199717925230191 0.1181382659730344 1.72727012098593 1.395441663064417 0.06784011905428619 0.9407033000254611 1.986812057924188 1.291557357241326 1.863631620955217 1.292922492735807 1.443811356928722 1.515741210963298 1.311188486381258


# name: y_normalized_2
# type: matrix
# rows: 2
# columns: 40
 0.5657540303880126 0.5991622946194467 0.5451229922988785 0.54560804161865 0.5121229048042475 0.5435386703626095 0.5894460133829924 0.5157318258269366 0.5418558440026733 0.5939489432960934 0.5230043575641578 0.5386648637284129 0.5545703861353638 0.5574272844277686 0.5004232450921714 0.5105340513439016 0.5805015970750549 0.5633222381465687 0.586575018422089 0.5973457046782138 0.5991573344239342 0.5691669538413028 0.5990680141099762 0.5650670594928404 0.5650976228766489 0.5751552040894136 0.5465626160665831 0.5262623150921782 0.573688348425368 0.562172190652916 0.5977403050484619 0.5586230639246706 0.5367343268032581 0.5665610926182159 0.5955106940106953 0.5084934535468063 0.5890188165790271 0.5359958634400267 0.5180457987973953 0.5204371012916745
 0.5680755252854881 0.5458581137559191 0.5153591903309428 0.5133918544181157 0.5601212206005055 0.5269642967398641 0.5871136593224018 0.5181857414505145 0.5326723324568842 0.554554417533914 0.5298751606865985 0.5093202285752166 0.5918327992109509 0.5362054156352801 0.570819931425893 0.5485453569951354 0.5831681454999187 0.590474728490455 0.5623828569396099 0.5108552034912401 0.5582782731363035 0.5854195208989018 0.5861340745888683 0.5686147290338142 0.5275007210923101 0.5125800316445793 0.5466773695869795 0.5362536793498972 0.5523443542005473 0.5337930285921693 0.5772300148114125 0.5342602382619938 0.510879507313014 0.5087610742111697 0.5283827114617977 0.5260047328743622 0.5137763084309717 0.5088159827541089 0.5208973401557544 0.5871719425253991


