# Created by Octave 3.8.1, Thu May 26 11:56:36 2016 EDT <chieh@endsley>
# name: y_total
# type: matrix
# rows: 2
# columns: 512
 0.0926517571884985 0.09884873857001221 0.1050457199515259 0.1112427013330396 0.1174396827145534 0.1236366640960671 0.1298336454775808 0.1360306268590945 0.1422276082406082 0.1484245896221219 0.1546215710036356 0.1608185523851494 0.1670155337666631 0.1732125151481768 0.1794094965296905 0.1856064779112042 0.1918034592927179 0.1980004406742316 0.2041974220557454 0.2103944034372591 0.2165913848187728 0.2227883662002865 0.2289853475818002 0.2351823289633139 0.2413793103448277 0.2475762917263414 0.2537732731078551 0.2599702544893688 0.2661672358708825 0.2723642172523962 0.2785611986339099 0.2847581800154236 0.2909551613969373 0.2971521427784511 0.3033491241599648 0.3095461055414785 0.3157430869229922 0.3219400683045059 0.3281370496860196 0.3343340310675333 0.340531012449047 0.3467279938305608 0.3529249752120745 0.3591219565935882 0.365318937975102 0.3715159193566157 0.3777129007381294 0.3839098821196431 0.3901068635011568 0.3963038448826705 0.4025008262641842 0.408697807645698 0.4148947890272117 0.4210917704087254 0.4272887517902391 0.4334857331717528 0.4396827145532665 0.4458796959347802 0.4520766773162939 0.4582736586978076 0.4644706400793213 0.470667621460835 0.4768646028423488 0.4830615842238625 0.4892585656053762 0.4954555469868899 0.5016525283684037 0.5078495097499174 0.5140464911314311 0.5202434725129448 0.5264404538944585 0.5326374352759722 0.5388344166574859 0.5450313980389996 0.5512283794205133 0.557425360802027 0.5636223421835408 0.5698193235650545 0.5760163049465682 0.5822132863280819 0.5884102677095956 0.5946072490911093 0.6008042304726231 0.6070012118541368 0.6131981932356505 0.6193951746171642 0.6255921559986779 0.6317891373801916 0.6379861187617053 0.644183100143219 0.6503800815247327 0.6565770629062465 0.6627740442877602 0.6689710256692739 0.6751680070507876 0.6813649884323013 0.687561969813815 0.6937589511953288 0.6999559325768425 0.7061529139583562 0.7123498953398699 0.7185468767213836 0.7247438581028973 0.730940839484411 0.7371378208659247 0.7433348022474384 0.7495317836289522 0.7557287650104659 0.7619257463919796 0.7681227277734933 0.774319709155007 0.7805166905365207 0.7867136719180344 0.7929106532995482 0.7991076346810619 0.8053046160625756 0.8115015974440893 0.2971246006389776 0.2990886712407688 0.3010527418425601 0.3030168124443513 0.3049808830461425 0.3069449536479338 0.308909024249725 0.3108730948515163 0.3128371654533075 0.3148012360550987 0.31676530665689 0.3187293772586812 0.3206934478604724 0.3226575184622636 0.3246215890640549 0.3265856596658461 0.3285497302676373 0.3305138008694286 0.3324778714712198 0.334441942073011 0.3364060126748022 0.3383700832765935 0.3403341538783847 0.3422982244801759 0.3442622950819672 0.3462263656837584 0.3481904362855496 0.3501545068873409 0.3521185774891321 0.3540826480909233 0.3560467186927146 0.3580107892945058 0.3599748598962971 0.3619389304980883 0.3639030010998795 0.3658670717016708 0.367831142303462 0.3697952129052532 0.3717592835070445 0.3737233541088357 0.3756874247106269 0.3776514953124182 0.3796155659142094 0.3815796365160006 0.3835437071177918 0.3855077777195831 0.3874718483213743 0.3894359189231655 0.3913999895249567 0.393364060126748 0.3953281307285392 0.3972922013303304 0.3992562719321217 0.4012203425339129 0.4031844131357042 0.4051484837374954 0.4071125543392866 0.4090766249410779 0.4110406955428691 0.4130047661446603 0.4149688367464516 0.4169329073482428 0.418896977950034 0.4208610485518253 0.4228251191536165 0.4247891897554077 0.426753260357199 0.4287173309589902 0.4306814015607814 0.4326454721625727 0.4346095427643639 0.4365736133661551 0.4385376839679463 0.4405017545697376 0.4424658251715288 0.44442989577332 0.4463939663751113 0.4483580369769025 0.4503221075786937 0.452286178180485 0.4542502487822762 0.4562143193840674 0.4581783899858587 0.4601424605876499 0.4621065311894411 0.4640706017912324 0.4660346723930236 0.4679987429948148 0.4699628135966061 0.4719268841983973 0.4738909548001885 0.4758550254019798 0.477819096003771 0.4797831666055623 0.4817472372073535 0.4837113078091447 0.4856753784109359 0.4876394490127272 0.4896035196145184 0.4915675902163096 0.4935316608181008 0.4954957314198921 0.4974598020216833 0.4994238726234745 0.5013879432252658 0.503352013827057 0.5053160844288482 0.5072801550306395 0.5092442256324308 0.5112082962342219 0.5131723668360132 0.5151364374378045 0.5171005080395956 0.5190645786413869 0.5210286492431782 0.5229927198449693 0.5249567904467606 0.5269208610485518 0.528884931650343 0.5308490022521343 0.5328130728539255 0.5347771434557167 0.536741214057508 0.1150159744408946 0.119947681025795 0.1248793876106954 0.1298110941955958 0.1347428007804962 0.1396745073653966 0.144606213950297 0.1495379205351974 0.1544696271200978 0.1594013337049982 0.1643330402898986 0.169264746874799 0.1741964534596994 0.1791281600445998 0.1840598666295002 0.1889915732144006 0.193923279799301 0.1988549863842014 0.2037866929691018 0.2087183995540022 0.2136501061389026 0.218581812723803 0.2235135193087034 0.2284452258936038 0.2333769324785042 0.2383086390634046 0.243240345648305 0.2481720522332054 0.2531037588181058 0.2580354654030061 0.2629671719879066 0.267898878572807 0.2728305851577074 0.2777622917426078 0.2826939983275082 0.2876257049124086 0.292557411497309 0.2974891180822094 0.3024208246671098 0.3073525312520102 0.3122842378369106 0.317215944421811 0.3221476510067114 0.3270793575916118 0.3320110641765122 0.3369427707614126 0.341874477346313 0.3468061839312134 0.3517378905161138 0.3566695971010142 0.3616013036859146 0.366533010270815 0.3714647168557154 0.3763964234406158 0.3813281300255162 0.3862598366104166 0.391191543195317 0.3961232497802174 0.4010549563651178 0.4059866629500182 0.4109183695349186 0.415850076119819 0.4207817827047194 0.4257134892896198 0.4306451958745202 0.4355769024594206 0.440508609044321 0.4454403156292214 0.4503720222141218 0.4553037287990222 0.4602354353839226 0.465167141968823 0.4700988485537234 0.4750305551386238 0.4799622617235242 0.4848939683084246 0.489825674893325 0.4947573814782254 0.4996890880631258 0.5046207946480261 0.5095525012329266 0.514484207817827 0.5194159144027274 0.5243476209876278 0.5292793275725283 0.5342110341574287 0.539142740742329 0.5440744473272294 0.5490061539121298 0.5539378604970302 0.5588695670819306 0.563801273666831 0.5687329802517314 0.5736646868366317 0.5785963934215321 0.5835281000064326 0.588459806591333 0.5933915131762334 0.5983232197611338 0.6032549263460342 0.6081866329309347 0.6131183395158351 0.6180500461007354 0.6229817526856358 0.6279134592705362 0.6328451658554366 0.637776872440337 0.6427085790252374 0.6476402856101378 0.6525719921950383 0.6575036987799386 0.662435405364839 0.6673671119497394 0.6722988185346398 0.6772305251195402 0.6821622317044407 0.6870939382893411 0.6920256448742415 0.6969573514591418 0.7018890580440422 0.7068207646289426 0.711752471213843 0.7166841777987434 0.7216158843836438 0.7265475909685443 0.7314792975534447 0.736411004138345 0.7413427107232454 0.7462744173081458 0.7512061238930462 0.7561378304779467 0.7610695370628471 0.7660012436477475 0.7709329502326479 0.7758646568175482 0.7807963634024486 0.785728069987349 0.7906597765722494 0.7955914831571499 0.8005231897420503 0.8054548963269507 0.8103866029118511 0.8153183094967514 0.8202500160816518 0.8251817226665522 0.8301134292514526 0.8350451358363531 0.8399768424212535 0.8449085490061539 0.8498402555910542 0.3386581469648562 0.3401103688643624 0.3415625907638687 0.3430148126633749 0.3444670345628812 0.3459192564623874 0.3473714783618936 0.3488237002613999 0.3502759221609061 0.3517281440604124 0.3531803659599186 0.3546325878594249 0.3560848097589311 0.3575370316584374 0.3589892535579436 0.3604414754574499 0.3618936973569561 0.3633459192564623 0.3647981411559686 0.3662503630554748 0.3677025849549811 0.3691548068544873 0.3706070287539935 0.3720592506534998 0.373511472553006 0.3749636944525123 