# Created by Octave 3.8.1, Mon Sep 26 17:42:24 2016 EDT <chieh@endsley>
# name: assignment
# type: matrix
# rows: 1
# columns: 138
 18 18 18 18 36 23 40 40 25 32 8 29 7 7 7 7 26 35 17 6 16 17 16 24 19 33 45 32 34 23 7 37 2 2 9 23 21 6 9 32 34 44 5 5 21 22 9 44 4 33 50 1 1 9 1 19 1 29 1 1 31 19 1 12 4 46 13 13 13 13 13 11 32 9 22 21 21 2 10 17 6 6 6 6 3 4 30 12 10 6 48 12 4 4 5 5 1 4 19 10 17 46 11 22 11 11 25 12 10 10 10 10 6 9 28 3 3 3 3 31 28 3 3 28 28 30 12 12 5 12 5 5 4 4 4 19 19 9


# name: sample_data_id
# type: scalar
8


